% ISS rendezvous
x_t_ISS = [-39608622157.2000;-9674292305.55574;32269587726.7602;-29381718.2793838;-9.74525117652392e-05;0.000275817357071606;-3.69270903492203e-05];
x_f_ISS = [-39608622139.9434;-9674292354.30260;32269587733.4568;-29381718.2792929;-9.74704594509102e-05;0.000275807677776907;-3.69520211931929e-05];

% 400500 Hohmann entry
x_t_h451 = [0.00136375427246094;-26084250442.0437;45179247042.9693;-29188081.6975029;0.00366132078291831;0.00549198120532102;0.00317079682727645];
x_f_h451 = [0.000995635986328125;-26084250428.4730;45179247019.4632;-29188081.7278708;0.00366131214203802;0.00549198553516411;0.00317079932711267];

% 400500 Hohmann exit
x_t_h452 = [0.000360488891601563;-26180280834.1020;45345576561.0867;-28975901.5700084;4.99999859407962e-05;7.50000283392116e-05;4.33012865509175e-05];
x_f_h452 = [-0.0261459350585938;-26180280846.7301;45345576582.7958;-28975901.5422118;4.99900832108269e-05;7.50049851800938e-05;4.33041483845487e-05];

% ISS rendezvous 2
x_t_ISS2 = [-39608622135.5072;-9674292300.25809;32269587709.0876;-29381718.3115663;-9.74525038847651e-05;0.000275817379254972;-3.69270740263605e-05];
x_f_ISS2 = [-39608622145.2294;-9674292301.15522;32269587716.7923;-29381718.2976046;-9.74469940006051e-05;0.000275820343715205;-3.69194223152070e-05];

% test 1
x_t_test1 = [-38692066626.2586;-9647015697.79906;33460416197.2218;-29316887.9436685;-3.46549758499792e-05;9.28551820761348e-05;-1.33022026020946e-05];
x_f_test1 = [-38692066616.7438;-9647015677.43381;33460416179.8707;-29316887.9684481;-3.46609693438818e-05;9.28518182078397e-05;-1.33101030940774e-05];